10 10
9 10 14 8
2 7 14 9
8 15 4 9
14 8 16 8
0 0 15 14
3 5 2 12
2 12 0 12
14 0 5 13
15 0 15 8
16 7 11 7
6 16 5 12
12 9 0 14
1 8 12 3
0 14 15 15
15 15 3 7
6 6 2 12
10 8 1 2
4 16 11 5
9 7 1 11
6 0 9 15
13 3 2 1
15 10 2 1
11 0 6 15
14 5 8 0
2 15 14 10
3 15 9 2
14 16 7 2
0 10 2 0
9 9 2 10
11 5 15 10
0 8 5 9
15 7 10 7
10 9 15 2
12 11 0 9
12 4 5 10
13 0 2 1
14 16 6 5
5 4 10 0
0 11 11 10
0 1 14 15
8 0 8 11
16 12 4 14
15 0 10 15
4 12 0 6
14 7 6 7
9 0 13 10
3 2 5 15
10 15 15 15
4 15 16 7
4 1 7 5
3 8 12 7
15 0 10 2
1 13 13 9
12 8 13 9
0 15 4 14
11 8 10 4
9 10 7 13
12 14 12 4
16 10 11 13
0 8 10 5
9 4 10 11
9 10 1 1
15 3 10 5
14 1 15 12
11 8 9 6
6 15 13 7
8 14 3 10
16 5 5 1
14 0 0 5
4 5 15 16
13 15 8 1
15 13 13 0
7 10 9 7
5 3 16 8
4 12 5 2
5 0 12 2
2 8 5 9
0 13 15 8
8 8 10 6
0 1 7 13
0 14 2 1
12 8 7 5
0 0 3 6
1 14 16 7
13 7 15 13
7 1 16 2
7 8 7 2
0 6 12 8
16 10 7 5
15 13 10 0
8 12 5 0
14 7 9 9
3 16 15 11
0 11 3 6
3 0 9 13
12 5 13 13
5 10 8 8
15 8 15 1
0 13 11 1
10 5 2 2
