18 20
0 4 75 79
70 63 16 82
66 62 90 65
40 75 25 90
53 52 53 28
5 62 39 53
85 0 72 49
1 55 44 46
18 10 63 15
58 65 61 71
30 39 0 17
76 41 11 58
83 61 88 4
36 21 80 68
9 68 37 6
56 89 39 40
16 53 19 18
6 75 62 30
60 35 28 54
74 19 81 41
10 39 48 32
34 0 83 11
4 71 86 41
21 89 11 30
33 76 0 22
35 67 5 18
0 0 21 51
2 62 41 38
85 48 77 50
39 46 0 68
75 21 60 90
58 65 43 1
49 35 48 65
6 72 48 18
72 76 48 67
64 57 23 66
22 67 62 46
62 29 65 0
7 69 59 46
18 41 34 25
61 28 88 76
68 25 3 45
82 1 0 47
21 44 49 2
47 40 33 59
0 46 31 36
67 41 75 71
26 35 81 41
21 0 87 48
79 69 34 72
12 40 0 4
19 0 90 89
7 39 32 89
74 61 41 67
62 27 4 89
40 31 62 38
59 10 28 64
6 30 1 35
15 80 29 54
35 63 60 42
71 46 83 44
33 0 35 16
79 0 63 87
3 36 43 70
80 61 53 84
85 28 76 9
76 40 14 27
77 2 0 36
73 54 61 56
65 83 48 41
88 27 45 0
7 34 57 52
48 70 12 64
84 44 28 62
78 54 46 0
34 18 35 24
82 14 35 54
83 59 59 9
30 47 42 79
59 0 21 37
57 1 50 35
0 45 61 62
85 73 86 27
0 41 87 4
87 0 23 14
44 0 45 81
0 19 2 87
87 89 7 58
25 11 32 51
50 40 39 37
31 0 27 35
63 63 0 2
37 61 27 7
78 0 25 33
36 37 47 0
38 83 24 71
86 38 50 81
80 78 90 15
27 81 73 35
68 72 51 70
82 46 15 78
0 41 44 89
79 35 4 86
65 23 14 75
75 80 61 40
17 14 48 50
75 12 42 5
67 53 75 12
3 28 49 79
58 38 51 46
22 28 4 51
89 3 58 7
2 78 78 53
50 44 86 60
43 39 88 44
12 80 12 66
40 75 54 4
68 50 5 82
60 9 23 88
0 4 53 82
61 45 24 64
0 46 65 1
46 59 29 67
21 77 45 32
90 0 0 62
36 3 45 26
10 74 76 61
26 36 26 46
82 64 4 0
73 85 13 54
57 28 1 42
64 30 59 87
58 31 19 14
31 53 12 81
13 87 15 53
62 12 35 48
37 56 30 36
61 24 2 64
46 76 15 25
24 11 4 0
63 80 63 32
88 78 10 51
19 65 64 88
87 38 17 12
72 40 8 14
9 62 0 33
13 27 57 81
16 32 46 0
45 65 88 5
81 20 26 28
41 89 20 89
67 35 37 43
24 2 26 8
79 68 40 48
17 5 12 56
46 23 23 45
83 74 34 33
87 87 15 72
0 76 84 11
9 37 31 61
40 87 65 89
23 14 64 48
58 47 73 67
37 59 30 68
32 51 34 69
12 31 25 14
8 65 68 70
0 46 66 23
1 45 36 0
20 70 38 67
26 1 22 24
45 9 88 6
53 43 11 43
64 81 10 55
0 47 33 25
12 25 16 84
9 38 45 0
72 70 30 79
15 2 31 56
36 53 39 30
54 9 76 74
57 35 28 27
35 68 36 26
62 77 2 70
52 35 71 61
46 90 44 27
88 72 74 13
51 29 29 27
65 19 46 67
69 83 39 9
39 30 16 0
87 23 88 0
53 69 76 5
63 36 43 10
80 83 71 47
13 27 23 77
53 44 9 89
58 0 41 51
83 70 30 57
54 56 11 77
0 25 86 41
88 81 1 63
58 41 13 66
69 81 88 0
89 28 46 81
62 72 0 40
58 89 64 39
82 59 51 24
53 64 67 52
63 26 51 42
26 44 72 80
16 76 46 88
3 82 66 69
25 48 82 69
69 9 48 80
22 86 33 9
76 60 42 58
58 21 23 34
62 5 84 68
76 23 82 9
38 42 59 80
9 8 47 2
5 14 36 77
0 0 85 19
48 62 75 13
4 4 44 59
17 7 61 23
79 73 71 88
84 1 17 10
46 50 45 50
82 83 21 6
39 41 14 26
0 80 23 21
70 56 54 52
16 23 28 56
50 72 85 28
63 63 82 26
61 30 15 2
76 64 78 1
58 12 39 56
42 32 64 77
39 10 61 40
83 68 57 85
66 47 52 24
50 46 23 82
71 73 51 74
0 58 27 88
20 69 0 4
59 53 27 70
50 90 86 47
0 31 44 35
77 38 34 59
85 37 80 47
75 30 8 29
19 75 30 61
9 70 81 49
0 9 43 41
66 48 23 72
79 21 42 2
9 0 19 5
34 81 14 75
45 24 2 79
69 17 90 5
12 1 82 51
64 60 85 27
88 67 4 0
63 52 24 12
38 8 22 64
6 70 86 7
0 79 14 21
50 81 62 88
89 65 80 0
45 80 5 19
82 76 65 28
70 57 16 75
24 45 12 30
61 44 70 89
10 60 64 63
31 28 88 57
36 75 66 42
32 58 76 35
60 8 71 60
59 23 19 34
33 33 14 8
24 0 79 5
80 33 38 65
39 28 53 24
34 2 58 26
49 68 2 5
18 80 34 80
83 0 0 59
16 64 3 37
5 0 34 66
18 4 0 44
3 50 61 64
90 69 51 19
50 23 1 85
0 90 1 41
81 23 10 64
88 14 68 0
28 9 0 11
70 27 0 61
89 22 23 69
74 45 87 68
2 6 32 2
41 53 37 56
9 74 54 60
85 34 73 64
73 35 25 26
45 36 78 69
1 28 6 63
59 40 11 82
15 66 35 62
28 21 90 26
4 64 77 57
78 16 21 38
26 52 40 90
8 22 0 4
64 59 45 64
40 87 28 38
1 22 25 0
53 56 88 72
68 81 80 48
85 64 87 54
71 60 33 1
17 80 19 41
65 89 10 30
13 44 17 56
26 19 33 26
61 19 9 53
21 22 69 0
64 44 19 82
16 85 62 59
1 61 38 40
79 47 36 36
69 87 90 0
44 64 50 42
47 45 87 1
75 48 14 48
8 47 11 37
67 86 63 28
76 9 52 57
9 58 48 48
4 81 73 83
36 19 29 52
9 78 48 29
15 4 71 25
19 69 23 88
37 47 64 59
87 11 53 34
28 54 33 53
72 69 42 15
4 66 51 59
0 5 30 61
0 65 72 17
74 64 40 40
87 63 64 19
28 78 59 38
64 6 54 75
64 47 0 51
