8 8
7 3 9 2
10 3 7 3
8 10 9 10
0 0 10 3
1 8 10 4
8 10 5 6
10 8 2 0
3 1 7 1
2 2 2 0
3 9 5 7
9 0 4 3
9 4 10 0
0 8 7 9
9 4 8 4
5 9 0 3
0 7 4 10
7 3 6 0
10 3 0 5
10 0 8 8
3 10 3 4
2 1 2 3
5 0 10 7
8 5 8 8
6 9 6 1
10 8 9 1
8 3 4 8
8 3 5 3
4 4 0 10
6 10 2 4
8 8 1 2
4 9 8 6
7 10 6 7
1 7 0 9
4 8 0 9
9 4 5 2
9 9 8 1
0 10 9 2
2 3 3 4
0 2 4 4
8 1 4 6
6 9 8 0
7 1 3 4
10 7 4 10
9 4 6 10
10 6 4 3
3 7 3 10
2 6 0 8
10 0 10 10
5 2 9 9
7 1 4 10
4 8 1 4
4 2 9 0
8 0 9 1
0 9 10 0
1 4 0 3
4 1 6 5
0 6 9 0
5 4 4 3
10 8 0 8
0 0 2 10
7 2 5 8
5 7 5 4
4 9 7 0
10 10 2 2